825010203033972
825010213817289
825010213847058
825010213864805
825010213874471
825010213876655
825010213896388
825010214566136
825010219562760
825010224150715
825010226184219
825010226197149
825010226246613
825010226248683
825010226257177
825010226259155
825010226261923
825010226281186
825010226316561
825010226321214
825010226332146
825010226368536
825010226387514
825010226809731
825010226813723
825010226840312
825010228245390
825010228260651
825010228314096
825010237200920
825010237203342
825010251153031
825010251184958
825010257136159
825010258437369
825010258485094
825010278678551
825010288645671
825010294207457
825010294229990
825010304969702
825010326438645
825010326443130
825010354037602
825010367852752
825010367855893
825010373952909
825010374021470
825010385811771
