0.002930|0.002240|0.001817|0.001648|0.001593|0.001540|0.002270|0.003434|0.003937|0.005746|0.006501|0.007151|0.004494|0.004867|0.005839|0.006550|0.007738|0.008803|0.011480|0.012427|0.010706|0.008803|0.006306|0.005695
0.003390|0.001788|0.001466|0.001421|0.001389|0.001361|0.002345|0.003680|0.003065|0.005195|0.008649|0.006356|0.005199|0.006132|0.005144|0.005352|0.008736|0.007652|0.012491|0.009842|0.004755|0.004830|0.006442|0.003348
0.000915|0.000140|0.000140|0.000142|0.000142|0.000142|0.000142|0.000144|0.000145|0.000145|0.000152|0.000166|0.000183|0.000193|0.000197|0.000204|0.000221|0.000237|0.000278|0.000378|0.000478|0.000593|0.000962|0.001320
0.001587|0.001492|0.001387|0.001297|0.001253|0.001210|0.001762|0.002962|0.002756|0.004059|0.005535|0.005560|0.004966|0.006142|0.004503|0.004866|0.007016|0.006276|0.010148|0.009234|0.007368|0.006923|0.004738|0.003512
0.002647|0.001679|0.001545|0.001307|0.001247|0.001208|0.001873|0.002655|0.003070|0.003903|0.005520|0.004447|0.006450|0.005484|0.005391|0.005987|0.006298|0.006733|0.009551|0.006271|0.005300|0.005517|0.005781|0.004037
0.001749|0.001277|0.001162|0.001162|0.001164|0.001155|0.001735|0.002799|0.002599|0.002980|0.004889|0.005129|0.005292|0.005721|0.004521|0.005323|0.006841|0.005023|0.009803|0.007441|0.007012|0.007261|0.005298|0.003650
0.001698|0.001402|0.001271|0.001136|0.001112|0.001076|0.001500|0.002927|0.003595|0.004507|0.006774|0.006467|0.005006|0.005259|0.003848|0.004181|0.005911|0.005193|0.010439|0.007684|0.006039|0.004587|0.004858|0.003637
0.002660|0.001524|0.001237|0.001117|0.001093|0.001058|0.001544|0.003326|0.003554|0.006033|0.006977|0.006503|0.006078|0.005645|0.005646|0.006752|0.006251|0.005584|0.011028|0.010372|0.006121|0.005672|0.005293|0.003375
0.001497|0.001246|0.001128|0.001063|0.001036|0.001009|0.001621|0.002205|0.002695|0.003233|0.005376|0.005318|0.004806|0.005039|0.004213|0.004927|0.006894|0.006949|0.012424|0.006782|0.005069|0.004461|0.006004|0.003911
0.001478|0.001292|0.001165|0.001138|0.001117|0.001076|0.001752|0.002819|0.003042|0.002889|0.004875|0.004472|0.004891|0.004694|0.003553|0.003999|0.005490|0.006133|0.009601|0.007347|0.005057|0.005738|0.006082|0.003630
0.001511|0.001395|0.001323|0.001236|0.001210|0.001163|0.001758|0.002822|0.002783|0.003322|0.005248|0.005157|0.005053|0.005514|0.003442|0.003214|0.004363|0.004303|0.008779|0.007866|0.008069|0.006982|0.004765|0.003572
0.002141|0.001589|0.001360|0.001250|0.001231|0.001193|0.001861|0.002635|0.002459|0.002904|0.004955|0.004697|0.004850|0.004795|0.003596|0.003575|0.005190|0.005702|0.009023|0.006744|0.005745|0.006045|0.005619|0.003701
0.001408|0.001210|0.001095|0.001059|0.001038|0.001034|0.001564|0.002800|0.002738|0.003714|0.004961|0.005282|0.004786|0.005281|0.004311|0.003738|0.005125|0.004713|0.010027|0.008480|0.007244|0.007579|0.006509|0.004742
0.001587|0.001404|0.001288|0.001230|0.001197|0.001145|0.001538|0.003484|0.003015|0.004400|0.006062|0.005213|0.004795|0.005023|0.003435|0.003738|0.004905|0.004450|0.010533|0.007439|0.006455|0.007132|0.006375|0.003545
0.002170|0.001407|0.001226|0.001205|0.001167|0.001133|0.001665|0.004674|0.005872|0.009307|0.010299|0.007545|0.007609|0.007702|0.007839|0.007800|0.006397|0.007205|0.011246|0.011011|0.006745|0.005347|0.003957|0.002717
0.001684|0.001450|0.001272|0.001152|0.001121|0.001074|0.001789|0.002795|0.002488|0.003016|0.004130|0.005259|0.004747|0.005891|0.004996|0.005543|0.006981|0.006295|0.008655|0.007442|0.004519|0.004284|0.004482|0.003050
0.001701|0.001259|0.001107|0.001043|0.001028|0.001001|0.001625|0.002590|0.002551|0.002608|0.004135|0.004811|0.004989|0.004892|0.004067|0.004080|0.005588|0.005359|0.009660|0.007625|0.007267|0.005613|0.004639|0.002929
0.001526|0.001393|0.001300|0.001239|0.001204|0.001164|0.001837|0.002949|0.002731|0.003442|0.004911|0.004834|0.005331|0.004597|0.003251|0.003522|0.004361|0.004758|0.009504|0.007298|0.004894|0.003926|0.003502|0.002777
0.001793|0.001260|0.001198|0.001084|0.001053|0.001036|0.001694|0.002809|0.002570|0.002910|0.005279|0.004969|0.004430|0.004583|0.005031|0.005437|0.005126|0.005941|0.009766|0.006868|0.005427|0.004882|0.004055|0.003013
0.001580|0.001265|0.001140|0.001094|0.001070|0.001041|0.001481|0.002543|0.002694|0.003837|0.005629|0.004658|0.004848|0.005199|0.005117|0.007028|0.007148|0.005845|0.012295|0.010065|0.009176|0.007146|0.003887|0.003345
0.001493|0.001327|0.001190|0.001154|0.001115|0.001086|0.001632|0.004609|0.005204|0.008069|0.007607|0.006810|0.006559|0.006637|0.005052|0.005885|0.006041|0.005691|0.011849|0.009055|0.006338|0.005029|0.004393|0.003699
0.001773|0.001470|0.001209|0.001185|0.001156|0.001110|0.001492|0.004000|0.004301|0.004482|0.006301|0.005971|0.005575|0.006197|0.005586|0.008584|0.006572|0.006989|0.011285|0.011211|0.007106|0.004439|0.003286|0.002262
0.000272|0.000058|0.000058|0.000058|0.000058|0.000058|0.000059|0.000061|0.000060|0.000062|0.000065|0.000073|0.000085|0.000099|0.000104|0.000114|0.000124|0.000144|0.000177|0.000260|0.000400|0.000528|0.000834|0.001087
0.001224|0.001254|0.001117|0.001074|0.001042|0.001011|0.001603|0.002443|0.002405|0.003092|0.004237|0.004994|0.004783|0.005182|0.005480|0.006518|0.006868|0.006461|0.009975|0.008181|0.005967|0.004843|0.003679|0.003002
0.001469|0.001335|0.001282|0.001213|0.001176|0.001151|0.001743|0.002850|0.002599|0.003153|0.004975|0.004745|0.004640|0.004995|0.003562|0.004175|0.004465|0.004295|0.010155|0.006865|0.005098|0.004611|0.004883|0.004013
0.002502|0.001772|0.001514|0.001400|0.001375|0.001315|0.002065|0.003066|0.003401|0.004434|0.006564|0.005406|0.005667|0.005539|0.004267|0.004880|0.006986|0.007693|0.011723|0.008733|0.005763|0.005276|0.006353|0.003540
0.001712|0.001351|0.001279|0.001184|0.001157|0.001110|0.002111|0.003905|0.003772|0.005653|0.007207|0.006015|0.006606|0.007044|0.004614|0.005011|0.007062|0.006081|0.013217|0.010681|0.008634|0.008911|0.005856|0.004469
0.001638|0.001448|0.001253|0.001208|0.001169|0.001126|0.001612|0.003891|0.004262|0.005781|0.007709|0.006030|0.006322|0.005225|0.003955|0.004594|0.005874|0.005425|0.010501|0.007471|0.005310|0.005412|0.004757|0.003257
0.000810|0.000029|0.000029|0.000029|0.000029|0.000029|0.000030|0.000033|0.000033|0.000034|0.000038|0.000050|0.000065|0.000075|0.000082|0.000088|0.000094|0.000103|0.000139|0.000205|0.000312|0.000436|0.000720|0.000971
0.001183|0.001234|0.001099|0.001026|0.001005|0.000978|0.001646|0.002662|0.002083|0.002986|0.005245|0.004960|0.004674|0.005019|0.004360|0.004397|0.005943|0.005802|0.010218|0.006191|0.005530|0.004374|0.004159|0.003694
0.001185|0.001220|0.001089|0.001036|0.001001|0.000971|0.001720|0.002691|0.002318|0.002810|0.005653|0.004791|0.004620|0.005231|0.004959|0.005164|0.005761|0.005472|0.009453|0.007971|0.006732|0.004845|0.003622|0.001575
