0.001272|0.001264|0.001160|0.001042|0.001017|0.001304|0.001423|0.001614|0.002415|0.002606|0.003309|0.003437|0.003681|0.003777|0.003642|0.004471|0.005483|0.008418|0.006425|0.004772|0.008462|0.010941|0.005888|0.004156
0.001609|0.001191|0.001081|0.001029|0.001074|0.001319|0.001709|0.001749|0.002340|0.003848|0.005136|0.006835|0.004327|0.004550|0.004796|0.004940|0.006649|0.009822|0.007044|0.006756|0.008098|0.006553|0.005976|0.001875
0.000722|0.000107|0.000108|0.000109|0.000110|0.000110|0.000110|0.000111|0.000116|0.000121|0.000124|0.000125|0.000129|0.000134|0.000138|0.000147|0.000155|0.000181|0.000200|0.000222|0.000294|0.000426|0.000677|0.000937
0.001582|0.001453|0.001287|0.001304|0.001291|0.001472|0.001891|0.001446|0.001984|0.002248|0.002878|0.003533|0.002901|0.004181|0.003857|0.004081|0.004736|0.008359|0.006497|0.004023|0.006940|0.006321|0.003712|0.002811
0.001390|0.001152|0.000998|0.000949|0.000959|0.001171|0.001687|0.001401|0.001896|0.002320|0.002752|0.003416|0.003060|0.003408|0.003494|0.004128|0.005269|0.008732|0.006386|0.004256|0.005662|0.007941|0.005889|0.002937
0.001597|0.000987|0.000888|0.000906|0.000960|0.001300|0.001667|0.001427|0.001775|0.002325|0.002681|0.003298|0.002686|0.003215|0.003639|0.004079|0.005941|0.008943|0.006315|0.004142|0.006226|0.007996|0.006097|0.003685
0.001920|0.001186|0.001092|0.001069|0.001035|0.001373|0.001585|0.001444|0.002364|0.003942|0.004059|0.004017|0.003219|0.003427|0.003892|0.004204|0.005358|0.009197|0.006890|0.004569|0.008350|0.007157|0.006440|0.003290
0.001850|0.001300|0.001074|0.001080|0.000997|0.001247|0.001408|0.001783|0.002365|0.003258|0.003570|0.004375|0.003587|0.005033|0.003922|0.004508|0.005397|0.008988|0.006358|0.004888|0.006756|0.008903|0.006787|0.002727
0.002085|0.001200|0.000982|0.000899|0.000908|0.001123|0.001618|0.001404|0.001878|0.002433|0.003016|0.003313|0.002809|0.002835|0.003563|0.003531|0.005729|0.009939|0.007201|0.004688|0.007008|0.006522|0.007983|0.003006
0.002324|0.001461|0.001303|0.001308|0.001354|0.001521|0.001847|0.001600|0.001917|0.002507|0.002864|0.003300|0.002707|0.002944|0.002959|0.003328|0.004364|0.007863|0.005930|0.004560|0.005500|0.007777|0.005279|0.003112
0.001882|0.001381|0.001276|0.001240|0.001275|0.001508|0.001744|0.001492|0.001725|0.002160|0.002697|0.003622|0.002870|0.003528|0.003289|0.003028|0.004352|0.008272|0.006034|0.004783|0.005961|0.006998|0.005442|0.003363
0.001798|0.001240|0.001211|0.001214|0.001192|0.001365|0.001731|0.001473|0.001719|0.002599|0.002908|0.003214|0.002804|0.002909|0.003091|0.003192|0.004674|0.008359|0.006243|0.004704|0.006504|0.007561|0.006600|0.003453
0.001996|0.001450|0.001316|0.001295|0.001288|0.001528|0.001783|0.001450|0.001826|0.003003|0.003058|0.003695|0.002783|0.003129|0.002980|0.002990|0.004860|0.008370|0.006490|0.005089|0.006627|0.007999|0.005971|0.003272
0.001850|0.001477|0.001150|0.001106|0.001066|0.001347|0.001630|0.001471|0.001973|0.004189|0.003667|0.003670|0.003617|0.003023|0.003451|0.003822|0.005103|0.008140|0.006579|0.004810|0.007792|0.007745|0.007431|0.004379
0.003259|0.001879|0.001550|0.001555|0.001570|0.001812|0.002020|0.002318|0.003097|0.004595|0.005334|0.005332|0.004997|0.007030|0.004451|0.005714|0.006533|0.011002|0.008130|0.006081|0.007907|0.008637|0.005976|0.003387
0.001882|0.001384|0.001173|0.001073|0.001024|0.001272|0.001618|0.001346|0.001621|0.002003|0.002413|0.002933|0.002743|0.002786|0.002866|0.002980|0.004439|0.007923|0.006449|0.004377|0.007094|0.006129|0.007333|0.003199
0.002432|0.001730|0.001581|0.001551|0.001589|0.001825|0.002031|0.001701|0.002056|0.002598|0.002801|0.003429|0.002946|0.002832|0.002973|0.003379|0.004982|0.008491|0.006669|0.004476|0.006856|0.007081|0.007030|0.002726
0.002259|0.001618|0.001440|0.001477|0.001507|0.001560|0.001910|0.001673|0.001894|0.002277|0.002827|0.003579|0.002652|0.002829|0.003180|0.003252|0.005045|0.008351|0.006475|0.004752|0.006921|0.005727|0.003553|0.002585
0.001295|0.001082|0.000948|0.000936|0.000979|0.001205|0.001547|0.001366|0.001598|0.002443|0.002889|0.003448|0.002666|0.002732|0.003049|0.003362|0.004846|0.008415|0.006032|0.004484|0.006396|0.007384|0.005142|0.002493
0.002072|0.001265|0.001134|0.001092|0.001055|0.001341|0.001632|0.001422|0.001836|0.002920|0.003096|0.003483|0.002837|0.003335|0.003611|0.004080|0.006265|0.009379|0.007206|0.005966|0.008945|0.009302|0.005560|0.002931
0.001765|0.001320|0.001155|0.001076|0.001045|0.001369|0.001893|0.001864|0.003134|0.006038|0.007747|0.007538|0.004480|0.003809|0.005112|0.005384|0.006638|0.010369|0.006867|0.006163|0.009289|0.008282|0.007852|0.004496
0.002146|0.001380|0.001260|0.001214|0.001166|0.001470|0.001537|0.001850|0.002446|0.004160|0.004748|0.005570|0.004068|0.004917|0.003674|0.004497|0.005864|0.009444|0.006959|0.005605|0.008163|0.007167|0.005659|0.002844
0.000648|0.000061|0.000062|0.000062|0.000062|0.000062|0.000064|0.000066|0.000068|0.000070|0.000070|0.000075|0.000083|0.000088|0.000095|0.000103|0.000114|0.000133|0.000165|0.000202|0.000283|0.000455|0.000772|0.001138
0.001892|0.001937|0.001688|0.001545|0.001697|0.001942|0.002274|0.001752|0.002240|0.003346|0.003978|0.004802|0.003204|0.003612|0.003944|0.004234|0.005869|0.010942|0.006820|0.005633|0.008390|0.008967|0.007260|0.003312
0.002526|0.001725|0.001406|0.001380|0.001403|0.001820|0.002136|0.001695|0.002081|0.003122|0.003014|0.003638|0.003043|0.003488|0.003775|0.004192|0.005729|0.010277|0.006625|0.006772|0.009404|0.006875|0.005129|0.003041
0.001527|0.001371|0.001135|0.001058|0.001099|0.001382|0.001907|0.001481|0.002141|0.003264|0.004693|0.006534|0.003701|0.004112|0.004270|0.004310|0.007621|0.012842|0.007297|0.007465|0.010439|0.011091|0.007554|0.003639
0.002150|0.001640|0.001404|0.001287|0.001296|0.001748|0.002203|0.001869|0.002887|0.004569|0.004976|0.005166|0.003946|0.004113|0.004436|0.004540|0.007368|0.012928|0.007846|0.007813|0.012037|0.011191|0.005508|0.003529
0.001890|0.001348|0.001087|0.000983|0.001011|0.001299|0.001815|0.002053|0.002931|0.004809|0.005189|0.007024|0.004033|0.007352|0.009758|0.008918|0.010307|0.012627|0.007839|0.008326|0.011940|0.019634|0.021929|0.007292
0.001726|0.000035|0.000036|0.000037|0.000037|0.000038|0.000038|0.000040|0.000040|0.000040|0.000041|0.000043|0.000047|0.000049|0.000049|0.000054|0.000057|0.000063|0.000077|0.000090|0.000126|0.000181|0.000324|0.000498
0.001683|0.001679|0.001455|0.001376|0.001336|0.001543|0.001870|0.001535|0.001671|0.002333|0.002416|0.002708|0.002610|0.003572|0.003829|0.003816|0.005011|0.007860|0.005727|0.004238|0.006216|0.006446|0.006235|0.003243
0.001357|0.001361|0.001234|0.001259|0.001228|0.001400|0.001722|0.001266|0.001718|0.002471|0.002339|0.002807|0.002233|0.003496|0.004285|0.004349|0.005289|0.008491|0.005569|0.004199|0.005237|0.007236|0.004428|0.002243
