0.000763|0.000815|0.000633|0.000666|0.000700|0.000734|0.000702|0.000714|0.001241|0.001617|0.001672|0.001519|0.002347|0.001682|0.002139|0.002310|0.002398|0.001976|0.000978|0.000939|0.001640|0.002807|0.002134|0.001161
0.001028|0.000810|0.000810|0.000809|0.000710|0.000722|0.000728|0.000671|0.001179|0.002066|0.002471|0.001707|0.002630|0.002392|0.002467|0.002847|0.002905|0.002123|0.001124|0.000886|0.001347|0.002032|0.002808|0.000993
0.000378|0.000021|0.000021|0.000021|0.000021|0.000022|0.000023|0.000024|0.000024|0.000027|0.000029|0.000029|0.000031|0.000032|0.000036|0.000040|0.000046|0.000051|0.000056|0.000058|0.000070|0.000110|0.000217|0.000313
0.000676|0.000736|0.000424|0.000369|0.000366|0.000487|0.000530|0.000516|0.000701|0.000775|0.000928|0.000970|0.001570|0.001292|0.001653|0.001926|0.002464|0.002084|0.000921|0.000663|0.001428|0.001579|0.002007|0.001470
0.001033|0.000762|0.000651|0.000698|0.000726|0.000801|0.000683|0.000731|0.001008|0.001012|0.000992|0.001065|0.002033|0.002013|0.001858|0.002282|0.002851|0.001182|0.000785|0.000685|0.001379|0.002756|0.001917|0.001337
0.000896|0.000445|0.000349|0.000383|0.000468|0.000645|0.000577|0.000628|0.000930|0.000891|0.001021|0.001114|0.001486|0.001489|0.001814|0.001848|0.002464|0.001085|0.000747|0.000721|0.001512|0.002391|0.002201|0.001541
0.001235|0.000795|0.000671|0.000686|0.000753|0.000786|0.000629|0.000653|0.001010|0.001142|0.001260|0.001148|0.001622|0.001705|0.001851|0.002504|0.002521|0.001133|0.000968|0.000879|0.001882|0.001679|0.001826|0.001397
0.001137|0.000772|0.000720|0.000731|0.000746|0.000801|0.000699|0.000812|0.001286|0.001402|0.001553|0.001517|0.001315|0.001868|0.002054|0.002600|0.002560|0.001292|0.000947|0.000918|0.001647|0.002293|0.001893|0.001288
0.000927|0.000707|0.000684|0.000670|0.000705|0.000754|0.000737|0.000672|0.000861|0.000849|0.000995|0.000966|0.001051|0.001552|0.002086|0.002553|0.002613|0.000908|0.000918|0.000857|0.001474|0.002541|0.002642|0.001568
0.001075|0.000755|0.000740|0.000720|0.000799|0.000850|0.000747|0.000797|0.000834|0.000833|0.000985|0.001145|0.001878|0.001575|0.001895|0.001912|0.002237|0.001209|0.000827|0.000885|0.001227|0.002522|0.001897|0.001421
0.000793|0.000869|0.000566|0.000475|0.000432|0.000499|0.000549|0.000630|0.000721|0.000753|0.000930|0.000864|0.001016|0.001507|0.002097|0.002011|0.002184|0.001164|0.000753|0.000809|0.001396|0.001499|0.001713|0.001421
0.000928|0.000750|0.000652|0.000676|0.000688|0.000754|0.000671|0.000676|0.000752|0.000876|0.001048|0.001144|0.001567|0.001568|0.001992|0.002062|0.002338|0.001210|0.000792|0.000882|0.001593|0.003403|0.002294|0.001291
0.001103|0.000722|0.000735|0.000751|0.000722|0.000716|0.000656|0.000702|0.000855|0.001128|0.001184|0.001317|0.001674|0.001659|0.002003|0.002206|0.002317|0.001001|0.000711|0.001721|0.002798|0.002716|0.002291|0.001448
0.001025|0.000754|0.000648|0.000609|0.000623|0.000700|0.000619|0.000686|0.001140|0.001191|0.001322|0.001270|0.001469|0.002282|0.002745|0.002583|0.002801|0.000841|0.000838|0.000943|0.001756|0.001556|0.001989|0.001487
0.001193|0.000751|0.000709|0.000704|0.000754|0.000840|0.000794|0.001023|0.001747|0.001985|0.001786|0.001556|0.001598|0.002602|0.003267|0.003779|0.004178|0.001282|0.001008|0.001022|0.001666|0.002770|0.001773|0.001357
0.001142|0.000844|0.000760|0.000673|0.000743|0.000798|0.000679|0.000650|0.000789|0.000935|0.001047|0.000914|0.000919|0.001820|0.002168|0.002257|0.002613|0.000853|0.000774|0.000729|0.001342|0.002481|0.002072|0.001554
0.001130|0.000754|0.000700|0.000721|0.000743|0.000746|0.000616|0.000732|0.001009|0.000964|0.001060|0.001212|0.001969|0.002114|0.002197|0.002304|0.002519|0.000746|0.000828|0.000835|0.001392|0.002814|0.001833|0.001264
0.001099|0.000822|0.000513|0.000424|0.000420|0.000492|0.000562|0.000661|0.000897|0.000972|0.001097|0.001150|0.001024|0.001455|0.001918|0.002279|0.002346|0.001240|0.000812|0.000704|0.001273|0.001513|0.001625|0.001442
0.001112|0.000716|0.000683|0.000704|0.000701|0.000769|0.000676|0.000684|0.000869|0.001016|0.000912|0.001187|0.001582|0.001735|0.002105|0.002350|0.002158|0.001228|0.000780|0.000766|0.001239|0.003179|0.002391|0.001273
0.001154|0.000729|0.000726|0.000681|0.000724|0.000791|0.000686|0.000755|0.000956|0.001236|0.001272|0.001367|0.001880|0.001892|0.002137|0.002515|0.002770|0.001033|0.000981|0.001045|0.001754|0.003313|0.002333|0.001540
0.001183|0.000866|0.000802|0.000782|0.000860|0.000923|0.000794|0.000981|0.001719|0.002139|0.002142|0.002113|0.002735|0.002592|0.003244|0.003668|0.003464|0.000943|0.001208|0.001053|0.001613|0.001720|0.002289|0.001845
0.001327|0.000904|0.000777|0.000874|0.000843|0.000850|0.000799|0.000902|0.001364|0.001735|0.001784|0.001618|0.001507|0.002116|0.002645|0.003216|0.003186|0.001039|0.000801|0.000875|0.001465|0.002464|0.002377|0.001238
0.000446|0.000014|0.000015|0.000016|0.000017|0.000017|0.000017|0.000017|0.000018|0.000019|0.000020|0.000020|0.000023|0.000025|0.000028|0.000031|0.000034|0.000035|0.000036|0.000040|0.000062|0.000120|0.000234|0.000354
0.000690|0.000836|0.000736|0.000759|0.000836|0.000839|0.000742|0.000783|0.000942|0.001133|0.001178|0.001357|0.001762|0.001536|0.001923|0.002036|0.002021|0.000914|0.000842|0.000775|0.001113|0.002528|0.001814|0.001242
0.000993|0.000804|0.000545|0.000431|0.000412|0.000491|0.000548|0.000673|0.000857|0.001089|0.001169|0.000993|0.001073|0.001454|0.001912|0.001784|0.002187|0.000991|0.000808|0.000816|0.001251|0.002329|0.003389|0.002120
0.001211|0.000902|0.000805|0.000821|0.000887|0.000913|0.000818|0.000805|0.000972|0.001031|0.001049|0.001322|0.001679|0.001551|0.002018|0.002241|0.002554|0.001116|0.000925|0.000939|0.001674|0.003710|0.002685|0.001607
0.001191|0.000903|0.000852|0.000873|0.000903|0.001002|0.000839|0.000851|0.001206|0.001487|0.001311|0.001400|0.002323|0.002377|0.002230|0.002074|0.002008|0.000906|0.000882|0.000883|0.001434|0.003744|0.002807|0.001851
0.001233|0.001003|0.000838|0.000880|0.000961|0.000959|0.000824|0.000853|0.001345|0.001392|0.001450|0.001538|0.002149|0.001480|0.002105|0.002255|0.002328|0.001189|0.001075|0.000803|0.001604|0.001846|0.001942|0.001515
0.000560|0.000010|0.000012|0.000012|0.000012|0.000012|0.000012|0.000012|0.000013|0.000014|0.000016|0.000018|0.000020|0.000020|0.000020|0.000025|0.000029|0.000032|0.000036|0.000042|0.000068|0.000104|0.000284|0.000434
0.000818|0.001056|0.001020|0.001032|0.001059|0.001115|0.000915|0.000830|0.000933|0.001011|0.001089|0.001063|0.001045|0.001249|0.001570|0.002039|0.002381|0.001447|0.000929|0.000782|0.001487|0.003017|0.002720|0.002216
0.000857|0.001147|0.001031|0.000856|0.000849|0.000906|0.000761|0.000741|0.000835|0.001060|0.001178|0.001331|0.001777|0.001671|0.002287|0.002374|0.002209|0.001697|0.000837|0.000825|0.001362|0.002584|0.002700|0.001749
