0.000619|0.000563|0.000585|0.000569|0.000537|0.000549|0.000700|0.000864|0.000848|0.002105|0.002048|0.001781|0.001838|0.001691|0.001744|0.001323|0.001150|0.000943|0.000787|0.000894|0.001449|0.002647|0.001926|0.002080
0.001257|0.000724|0.000650|0.000628|0.000585|0.000549|0.000618|0.001049|0.001525|0.002522|0.002837|0.002458|0.002975|0.002512|0.001893|0.002349|0.002040|0.001676|0.000996|0.000918|0.001328|0.002418|0.002804|0.001562
0.000319|0.000072|0.000073|0.000073|0.000073|0.000073|0.000073|0.000074|0.000079|0.000080|0.000081|0.000081|0.000087|0.000092|0.000097|0.000099|0.000107|0.000123|0.000130|0.000134|0.000146|0.000183|0.000307|0.000446
0.000859|0.000781|0.000663|0.000750|0.000678|0.000733|0.000725|0.001373|0.003158|0.001622|0.001932|0.002333|0.003432|0.002477|0.002000|0.002060|0.002848|0.004398|0.001302|0.001114|0.001517|0.005329|0.001662|0.002170
0.000983|0.000672|0.000583|0.000627|0.000577|0.000645|0.000688|0.001291|0.003031|0.001815|0.001966|0.002284|0.003815|0.002779|0.002144|0.002218|0.002869|0.004175|0.001293|0.001019|0.001525|0.002896|0.002111|0.001829
0.000965|0.000451|0.000389|0.000406|0.000460|0.000570|0.000664|0.001302|0.002969|0.001773|0.001965|0.002406|0.003774|0.002890|0.002090|0.002117|0.003009|0.004424|0.001353|0.001072|0.001519|0.001907|0.001450|0.002009
0.001287|0.000786|0.000682|0.000695|0.000664|0.000651|0.000743|0.000906|0.001018|0.001928|0.002385|0.002299|0.001942|0.001527|0.001697|0.001749|0.001199|0.001216|0.000877|0.000853|0.001870|0.002997|0.001494|0.001923
0.001001|0.000678|0.000653|0.000631|0.000626|0.000650|0.000772|0.001077|0.001146|0.002133|0.002431|0.002231|0.001768|0.001876|0.001898|0.001992|0.001168|0.001293|0.000804|0.000918|0.001471|0.002828|0.001984|0.001951
0.000928|0.000774|0.000701|0.000739|0.000650|0.000651|0.000742|0.001315|0.003077|0.001861|0.001981|0.002338|0.003593|0.002742|0.002279|0.002300|0.003435|0.004716|0.001450|0.001210|0.001599|0.003908|0.005015|0.002150
0.001465|0.000940|0.000905|0.000843|0.000795|0.000908|0.000889|0.001496|0.003046|0.001954|0.002016|0.002352|0.003487|0.002693|0.002080|0.001974|0.002863|0.005037|0.001323|0.001223|0.001531|0.004216|0.003813|0.002244
0.001094|0.001024|0.000849|0.000965|0.000917|0.000951|0.000989|0.001487|0.003078|0.001980|0.002524|0.002519|0.003904|0.002890|0.002304|0.002773|0.004781|0.005710|0.001381|0.001477|0.001784|0.003708|0.001520|0.001984
0.001084|0.000715|0.000716|0.000769|0.000724|0.000776|0.000757|0.001322|0.002763|0.002017|0.002196|0.002471|0.003603|0.002773|0.002078|0.002392|0.003175|0.004222|0.001457|0.002430|0.002743|0.002750|0.001557|0.001954
0.001262|0.000761|0.000732|0.000766|0.000731|0.000750|0.000759|0.001324|0.002885|0.002187|0.002494|0.002821|0.003436|0.002990|0.002195|0.002609|0.002983|0.003964|0.001356|0.001555|0.002431|0.001971|0.001386|0.001862
0.001108|0.000684|0.000621|0.000629|0.000661|0.000677|0.000671|0.000896|0.001020|0.002077|0.002373|0.002071|0.001756|0.001841|0.001956|0.001614|0.001193|0.001068|0.000788|0.001170|0.002038|0.003015|0.001630|0.002097
0.000980|0.000711|0.000656|0.000646|0.000663|0.000630|0.000792|0.001191|0.001405|0.003243|0.003193|0.002918|0.002464|0.002221|0.002709|0.002222|0.001451|0.001650|0.000959|0.001543|0.002609|0.002381|0.001603|0.001883
0.001082|0.000617|0.000612|0.000521|0.000545|0.000558|0.000633|0.001170|0.002822|0.002011|0.002418|0.002567|0.003623|0.002780|0.001979|0.002033|0.002494|0.004046|0.001277|0.001497|0.002073|0.002971|0.004304|0.001884
0.001154|0.000738|0.000701|0.000756|0.000682|0.000697|0.000743|0.001274|0.002916|0.001974|0.002458|0.002633|0.003665|0.002577|0.001757|0.001912|0.002720|0.004126|0.001266|0.001397|0.002182|0.003697|0.003868|0.002243
0.001157|0.000784|0.000818|0.000910|0.000785|0.000753|0.000787|0.001411|0.002990|0.002064|0.002420|0.002682|0.003487|0.002574|0.001918|0.002016|0.002794|0.004060|0.001328|0.001409|0.002135|0.003135|0.001644|0.001749
0.001216|0.000621|0.000607|0.000600|0.000574|0.000556|0.000579|0.001270|0.002810|0.001959|0.002320|0.002487|0.003357|0.002651|0.001876|0.001996|0.002688|0.004016|0.001197|0.001308|0.001960|0.003205|0.003326|0.001893
0.001151|0.000638|0.000595|0.000601|0.000552|0.000559|0.000612|0.001272|0.002863|0.002241|0.002816|0.002654|0.003375|0.002841|0.002067|0.002446|0.003060|0.003858|0.001294|0.001288|0.002450|0.002203|0.001476|0.001747
0.000881|0.000537|0.000513|0.000489|0.000465|0.000587|0.000664|0.001145|0.001192|0.002255|0.002465|0.001953|0.002171|0.002032|0.002304|0.002268|0.001264|0.001404|0.000855|0.001158|0.002014|0.003025|0.001513|0.001723
0.000899|0.000619|0.000575|0.000578|0.000530|0.000552|0.000603|0.000963|0.000842|0.001348|0.001305|0.001404|0.001790|0.001788|0.001862|0.001971|0.001126|0.001217|0.000700|0.001037|0.001827|0.003160|0.002267|0.001940
0.000462|0.000027|0.000028|0.000029|0.000031|0.000032|0.000032|0.000032|0.000039|0.000040|0.000040|0.000043|0.000055|0.000062|0.000064|0.000064|0.000067|0.000076|0.000080|0.000081|0.000096|0.000133|0.000224|0.000327
0.000709|0.000811|0.000666|0.000663|0.000644|0.000710|0.000696|0.001238|0.002761|0.001313|0.001200|0.001653|0.003202|0.002205|0.001816|0.002064|0.002515|0.003769|0.001139|0.001074|0.001638|0.002983|0.002692|0.001700
0.001096|0.000793|0.000752|0.000785|0.000833|0.000847|0.000828|0.001359|0.002793|0.001261|0.001096|0.001532|0.002968|0.002365|0.001903|0.002225|0.002623|0.003671|0.001176|0.001279|0.001821|0.003859|0.001667|0.001803
0.000925|0.000707|0.000561|0.000606|0.000622|0.000664|0.000737|0.001266|0.002804|0.001407|0.001413|0.001759|0.003515|0.002511|0.002172|0.002311|0.003146|0.004327|0.001176|0.001503|0.002097|0.003950|0.003174|0.002232
0.001029|0.000919|0.000817|0.000839|0.000771|0.000816|0.000843|0.001663|0.003435|0.001835|0.001614|0.002104|0.003535|0.002944|0.002413|0.002555|0.003107|0.003842|0.001180|0.001281|0.002381|0.002673|0.001370|0.001522
0.000937|0.000759|0.000529|0.000567|0.000562|0.000541|0.000721|0.000893|0.000895|0.001075|0.001265|0.001302|0.001781|0.001691|0.001902|0.001716|0.001338|0.001056|0.000791|0.001050|0.001929|0.003902|0.001548|0.001692
0.000347|0.000012|0.000012|0.000012|0.000015|0.000016|0.000017|0.000018|0.000022|0.000023|0.000025|0.000027|0.000030|0.000032|0.000035|0.000037|0.000038|0.000040|0.000044|0.000048|0.000059|0.000080|0.000139|0.000241
0.000600|0.000657|0.000585|0.000629|0.000574|0.000599|0.000612|0.001249|0.002791|0.001177|0.001265|0.001663|0.003388|0.002449|0.001821|0.002141|0.002609|0.003423|0.001083|0.001760|0.002611|0.003624|0.002675|0.001709
0.000679|0.000687|0.000759|0.000738|0.000743|0.000757|0.000718|0.001278|0.002763|0.001233|0.001320|0.001774|0.003300|0.002705|0.002245|0.002441|0.003059|0.003947|0.001071|0.001377|0.001982|0.004169|0.003243|0.001388
