0.001264|0.001217|0.000988|0.000965|0.001025|0.001058|0.001113|0.001044|0.001282|0.002110|0.002587|0.003227|0.001838|0.002934|0.003187|0.003520|0.003734|0.003052|0.001299|0.003095|0.006043|0.008068|0.006021|0.003378
0.002158|0.001666|0.001259|0.001126|0.000953|0.001148|0.001192|0.001199|0.001301|0.002409|0.003155|0.003632|0.002719|0.002986|0.004563|0.005201|0.004539|0.003633|0.001428|0.002919|0.004868|0.004770|0.004459|0.001442
0.000472|0.000050|0.000051|0.000053|0.000053|0.000055|0.000055|0.000055|0.000056|0.000060|0.000062|0.000063|0.000064|0.000068|0.000075|0.000082|0.000093|0.000103|0.000109|0.000124|0.000172|0.000284|0.000495|0.000750
0.001370|0.001296|0.001143|0.001233|0.001125|0.001184|0.001131|0.001078|0.001207|0.002016|0.002115|0.002802|0.001667|0.002592|0.002553|0.003370|0.003662|0.003292|0.001136|0.002679|0.004890|0.006012|0.005095|0.002847
0.001473|0.001291|0.001112|0.000934|0.000903|0.001109|0.001178|0.000966|0.001215|0.001934|0.001958|0.002426|0.001688|0.002891|0.003353|0.003692|0.004476|0.003532|0.001251|0.002442|0.004480|0.008381|0.005850|0.003955
0.001804|0.001181|0.001103|0.001149|0.001223|0.001346|0.001389|0.001228|0.001335|0.001797|0.001948|0.002524|0.001651|0.002950|0.003123|0.003846|0.004576|0.003719|0.001266|0.002828|0.004758|0.004595|0.004102|0.002694
0.001834|0.001350|0.001002|0.000985|0.001058|0.001050|0.001100|0.000996|0.001197|0.002009|0.002305|0.002653|0.001684|0.002540|0.002942|0.003424|0.003542|0.002970|0.001214|0.003088|0.005920|0.003838|0.007745|0.003594
0.002291|0.001553|0.001366|0.001163|0.001154|0.001221|0.001317|0.001214|0.001441|0.002359|0.002371|0.003646|0.001975|0.002550|0.003065|0.004308|0.003860|0.003305|0.001263|0.002996|0.005482|0.004731|0.005348|0.004054
0.001938|0.001647|0.001356|0.001322|0.001275|0.001242|0.001287|0.001129|0.001228|0.001673|0.002087|0.002552|0.001637|0.002038|0.002774|0.003304|0.003422|0.002671|0.001264|0.002982|0.005046|0.004866|0.005535|0.002629
0.001572|0.001182|0.001057|0.000994|0.000900|0.001026|0.001071|0.000938|0.000919|0.001625|0.001851|0.002376|0.001457|0.002466|0.002349|0.002558|0.003267|0.002718|0.001023|0.002807|0.004665|0.006466|0.006372|0.002447
0.001423|0.001335|0.001254|0.001116|0.000954|0.001133|0.001156|0.001100|0.001049|0.001815|0.001992|0.002544|0.001548|0.002411|0.002479|0.002741|0.003408|0.002734|0.001125|0.002964|0.004958|0.005159|0.003948|0.002486
0.001487|0.001294|0.000920|0.000910|0.000946|0.000924|0.000942|0.000882|0.000912|0.001546|0.001685|0.002397|0.001381|0.002383|0.002569|0.003466|0.003546|0.002650|0.001129|0.003077|0.005181|0.007431|0.005579|0.003788
0.001774|0.001391|0.001249|0.001310|0.001033|0.001149|0.001175|0.001199|0.001141|0.001974|0.002164|0.002692|0.001571|0.002528|0.002611|0.003054|0.003453|0.002911|0.001103|0.004023|0.005044|0.003856|0.004289|0.003011
0.002022|0.001384|0.000951|0.000906|0.000877|0.001010|0.000979|0.001103|0.001120|0.001891|0.002324|0.002931|0.001997|0.002718|0.003296|0.004241|0.003661|0.003118|0.001096|0.002756|0.004620|0.004213|0.006416|0.003594
0.002213|0.001840|0.001377|0.001379|0.001294|0.001256|0.001423|0.001347|0.001853|0.004098|0.003394|0.003646|0.002701|0.003924|0.005724|0.006524|0.006109|0.005195|0.001470|0.003471|0.004995|0.004633|0.005402|0.003817
0.001837|0.001499|0.001393|0.001375|0.001334|0.001312|0.001292|0.001108|0.001282|0.001653|0.002126|0.002108|0.001526|0.002549|0.003704|0.003982|0.004108|0.003380|0.001219|0.002467|0.003880|0.003774|0.006592|0.002738
0.001788|0.001217|0.001131|0.000953|0.000825|0.001000|0.001006|0.000927|0.001128|0.001528|0.001590|0.002287|0.001480|0.003130|0.003217|0.004473|0.004987|0.003929|0.001246|0.002383|0.003466|0.004428|0.005558|0.004456
0.002320|0.002029|0.001715|0.001668|0.001699|0.001559|0.001519|0.001457|0.001339|0.001758|0.002111|0.002565|0.001582|0.003495|0.003835|0.004543|0.004786|0.003765|0.001351|0.002487|0.003699|0.004468|0.003978|0.001906
0.001299|0.001067|0.000870|0.000854|0.000911|0.000871|0.000869|0.000841|0.000919|0.001525|0.001810|0.002536|0.001708|0.003317|0.003833|0.003815|0.005057|0.003766|0.001275|0.002267|0.003482|0.006775|0.005474|0.003650
0.002013|0.001641|0.001356|0.001234|0.001192|0.001195|0.001212|0.001161|0.001111|0.001962|0.002282|0.002504|0.001721|0.003692|0.004659|0.004707|0.006029|0.004207|0.001369|0.002713|0.004785|0.004225|0.004504|0.003611
0.002045|0.001405|0.001010|0.000936|0.000970|0.001066|0.001210|0.001209|0.001701|0.002907|0.002819|0.003306|0.002661|0.003599|0.005627|0.006487|0.005974|0.004575|0.001251|0.002895|0.004327|0.004726|0.005775|0.003728
0.002291|0.001657|0.001271|0.001350|0.000995|0.001150|0.001287|0.001381|0.001236|0.002255|0.002464|0.003103|0.002296|0.003879|0.004812|0.006374|0.004445|0.002924|0.001147|0.002311|0.003881|0.004500|0.005483|0.003137
0.000442|0.000030|0.000030|0.000030|0.000032|0.000032|0.000032|0.000032|0.000033|0.000037|0.000041|0.000045|0.000050|0.000051|0.000054|0.000063|0.000074|0.000081|0.000084|0.000098|0.000171|0.000294|0.000441|0.000612
0.001190|0.001255|0.001093|0.001033|0.000988|0.001011|0.001059|0.000871|0.000914|0.001772|0.001735|0.002325|0.001205|0.002016|0.002156|0.002260|0.002516|0.002242|0.000926|0.001868|0.003091|0.004172|0.004773|0.003844
0.001827|0.001749|0.001493|0.001430|0.001383|0.001410|0.001482|0.001134|0.001150|0.001685|0.001746|0.002253|0.001352|0.002306|0.002350|0.002275|0.002886|0.002609|0.001122|0.002468|0.004226|0.004926|0.003325|0.002057
0.001179|0.000982|0.000787|0.000739|0.000756|0.000783|0.000941|0.000711|0.000836|0.001720|0.001956|0.002603|0.001554|0.002346|0.002412|0.002730|0.003561|0.003149|0.001021|0.002538|0.003687|0.006546|0.005503|0.003760
0.001870|0.001792|0.001272|0.001362|0.001257|0.001262|0.001427|0.001184|0.001257|0.002485|0.002706|0.003366|0.001814|0.002689|0.002717|0.003046|0.003966|0.002964|0.001143|0.002306|0.003739|0.005183|0.003746|0.002829
0.002022|0.001742|0.001073|0.000975|0.001024|0.001082|0.001271|0.001045|0.001158|0.002054|0.002177|0.003078|0.002122|0.002256|0.002716|0.003544|0.004000|0.003247|0.001149|0.002186|0.003886|0.003759|0.005430|0.003285
0.000739|0.000015|0.000019|0.000020|0.000020|0.000020|0.000020|0.000020|0.000020|0.000020|0.000020|0.000021|0.000021|0.000026|0.000034|0.000043|0.000045|0.000052|0.000057|0.000074|0.000129|0.000211|0.000501|0.000739
0.001334|0.001441|0.001280|0.001214|0.001060|0.001131|0.001242|0.000921|0.001052|0.001646|0.001913|0.002347|0.001602|0.001936|0.002577|0.002847|0.003075|0.002244|0.000948|0.002045|0.003682|0.004187|0.006143|0.002730
0.001225|0.001387|0.001333|0.001179|0.001264|0.001210|0.001213|0.000954|0.000932|0.001620|0.002012|0.002426|0.001404|0.002538|0.002948|0.002983|0.003031|0.002227|0.000921|0.002280|0.003528|0.004322|0.004696|0.002348
